lranges.get(i)[0]
962264753707 6041699109051
6041699109053 8259409660507
12517106852476 17885912613467
17885912613467 17885912613467
20426179820728 20900072773349
20426179820728 21137302925949
23727132980908 24603001401235
24603001401235 24692377041223
24921876651891 25189930505444
25600577620245 25783899732513
25783899732513 26332840585266
26097722441977 26818789285419
26522925260154 27048017714740
26818789285419 27500028074749
27500028074749 28001128997679
27779401024357 28001128997679
28001128997679 28738485844631
28441546265925 28946643221318
28441546265925 29180284211785
28946643221318 29730008796749
29180284211785 29730008796749
31432978866415 35637248224267
35637248224268 38645470784544
42989499150596 49378247334244
51321996928312 51321996928312
51321996928312 58149382333159
63628572996359 66628254284040
63628572996359 66628254284040
72589080211307 78415099870601
73644888165784 76131000838029
84920130679541 89269134684673
89269134684674 89269134684674
93023428038450 98183188622321
94505334681795 98183188622321
102612830996165 104469500761976
102612830996165 107918875798501
114939338459819 114939338459819
114939338459820 119138582403378
120874182899623 122762189815132
122375914880675 123870600638342
123482404446575 125472687251453
124523639568588 126529033062109
126170609209916 128081824507706
127277194066829 129270589323885
128417379415542 130436031966168
132544507610547 137087142052530
134929267793493 139827237631659
142579388871358 148962275463882
142579388871358 148962275463882
151484933308185 158481850461088
155581812556513 158481850461088
163380603732730 165782878498884
163380603732730 168545647715998
175149241808595 175149241808595
175149241808596 179087636204056
182235514601443 186478410694773
186478410694773 186478410694773
194125833859829 198449918005728
198449918005729 198449918005729
202477978128141 205982854352667
205982854352669 209290832337978
212012929716803 220403742996021
215396873736574 217941411729146
222148266105282 230309362759739
231878096452284 237604614657333
235395632958908 240707044954582
241978613856141 248260861671440
241978613856141 241978613856141
253028798312085 256867644218169
256867644218170 258756363447274
262188459833851 262699977171339
262528185117162 263085544855089
262528185117162 263246133728782
262528185117162 263085544855089
262699977171339 263085544855089
262699977171339 263246133728782
262699977171339 263246133728782
263782729868133 264051675157226
265818031704004 266178021034862
267452589398241 268030285196104
268030285196104 268462129653606
268230103327458 268797341611553
268462129653606 269308538681718
269008234292091 269734151922013
271531768899694 273077136665943
272557611651537 273797127520072
273316887035581 274848291657662
274463477362983 275863832619429
275403302765621 276626676271015
276116643632938 277514876683302
277095147993385 278659837794324
278121291685441 279423792646708
278987466551756 280406070212435
279866996388808 281255682465296
283717918146714 291086505335569
284352990146276 286908739119520
296019656390500 300395659650882
296019656390500 300395659650882
302299016140945 307463890753286
307463890753288 310619345754687
312085043544302 312192934237898
313087077413334 313676560982419
313676560982419 314272594986212
314466993982017 314712513064905
315693160736914 316119983917126
316119983917126 316188509511379
317553347526856 318203463676413
318102362316439 318556053224939
318970716123283 319809300911099
319809300911099 320639220593398
319809300911099 320639220593398
325208623392997 328556244653334
328556244653334 328556244653334
331821206314684 333513262756265
333174891890554 334988015572048
334147049549245 335926042899456
335392597509604 337205669446452
336646854435127 338053502056979
337646029202255 339387500067209
338714983554929 340500998929847
339893944525735 341573247957386
342665552480232 351143879956110
346565096006290 351143879956110
355361191896455 360200554003391
362625807626180 370269641605432
370269641605433 370269641605433
372849446456380 377649615919739
377649615919740 379699191722247
383085173648020 388160587680424
385670052358832 391745365774918
393782800985246 399415465035554
393782800985246 393782800985246
404581299168828 409435707818761
404581299168828 406869527717397
414549244618548 414549244618548
414549244618549 420017715070945
422613323679727 423096430225013
422895203642572 423502470336830
423438371167408 424166511008291
423438371167408 423502470336830
423843770045988 424166511008291
424166511008291 424360470436452
424166511008291 424612005634052
424891088952857 425356002864623
425054220427689 425356002864623
425356002864623 426054214787874
425824611813033 426664928888235
427077744871335 427426180796775
427575616353376 428143904474569
427575616353376 428143904474569
427881334159983 428370887361456
428916202837418 429422397505146
428916202837418 429538127636993
428916202837418 429422397505146
428916202837418 429538127636993
430096001198177 430918129809744
434963757343316 438631551475846
438631551475846 438631551475846
445774156312423 450884035624356
445774156312423 450884035624356
453427253894083 461098359210451
453427253894083 457095038326658
462762828985082 467463792918065
467463792918067 471455932383841
472978879230494 478831004559105
478831004559106 478831004559106
483666067613425 490881397596491
487238777185959 488157184493647
495246724746630 497752594628205
497752594628206 501454397904299
505492675832765 510928010190367
506839680367273 510928010190367
515328808609514 521571901600704
523340675231862 529066786873501
526622986373255 531678288886630
536907620118594 536907620118594
536907620118594 541143301356516
547094794199385 547094794199385
547094794199386 552157901862623
553058446900473 554826446674715
554289396158190 555857160884127
555064022257716 556668738494546
556126332740713 557788019054178
557131570064931 558769656642589
558261730358597 559754786418535
558983116833360 560494715305956
560238283413109 561730870608778
561373954529617 562817005870729
pair[0] +  + pair[1]
962264753707 6041699109051
6041699109053 8259409660507
12517106852476 17885912613467
20426179820728 21137302925949
23727132980908 24692377041223
24921876651891 25189930505444
25600577620245 29730008796749
31432978866415 35637248224267
35637248224268 38645470784544
42989499150596 49378247334244
51321996928312 58149382333159
63628572996359 66628254284040
72589080211307 78415099870601
73644888165784 76131000838029
84920130679541 89269134684673
89269134684674 89269134684674
93023428038450 98183188622321
102612830996165 107918875798501
114939338459819 114939338459819
114939338459820 119138582403378
120874182899623 130436031966168
132544507610547 139827237631659
142579388871358 148962275463882
151484933308185 158481850461088
163380603732730 168545647715998
175149241808595 175149241808595
175149241808596 179087636204056
182235514601443 186478410694773
194125833859829 198449918005728
198449918005729 198449918005729
202477978128141 205982854352667
205982854352669 209290832337978
212012929716803 220403742996021
215396873736574 217941411729146
222148266105282 230309362759739
231878096452284 240707044954582
241978613856141 248260861671440
241978613856141 241978613856141
253028798312085 256867644218169
256867644218170 258756363447274
262188459833851 263246133728782
262528185117162 263246133728782
263782729868133 264051675157226
265818031704004 266178021034862
267452589398241 269734151922013
271531768899694 281255682465296
283717918146714 291086505335569
284352990146276 286908739119520
296019656390500 300395659650882
302299016140945 307463890753286
307463890753288 310619345754687
312085043544302 312192934237898
313087077413334 314272594986212
314466993982017 314712513064905
315693160736914 316188509511379
317553347526856 318556053224939
318970716123283 320639220593398
325208623392997 328556244653334
331821206314684 341573247957386
342665552480232 351143879956110
355361191896455 360200554003391
362625807626180 370269641605432
370269641605433 370269641605433
372849446456380 377649615919739
377649615919740 379699191722247
383085173648020 391745365774918
393782800985246 399415465035554
393782800985246 393782800985246
404581299168828 409435707818761
404581299168828 406869527717397
414549244618548 414549244618548
414549244618549 420017715070945
422613323679727 424166511008291
423438371167408 423502470336830
423843770045988 424612005634052
424891088952857 426664928888235
427077744871335 427426180796775
427575616353376 428370887361456
428916202837418 429538127636993
428916202837418 429538127636993
430096001198177 430918129809744
434963757343316 438631551475846
445774156312423 450884035624356
453427253894083 461098359210451
453427253894083 457095038326658
462762828985082 467463792918065
467463792918067 471455932383841
472978879230494 478831004559105
478831004559106 478831004559106
483666067613425 490881397596491
487238777185959 488157184493647
495246724746630 497752594628205
497752594628206 501454397904299
505492675832765 510928010190367
515328808609514 521571901600704
523340675231862 531678288886630
536907620118594 541143301356516
547094794199385 547094794199385
547094794199386 552157901862623
553058446900473 562817005870729
Result is 369133882877163
